,variable,MW,value,type,growth,qGlu,qO2,qEth
0,cycloheximide_015_1,1419141.1000000003,0.11171413010512155,glycolysis,0.121,-4.94,-1.8,5.9
1,cycloheximide_015_1,3749153.3,0.03993607599206532,respiration,0.121,-4.94,-1.8,5.9
2,cycloheximide_015_1,5127919.3999999985,0.16510032516704098,total,0.121,-4.94,-1.8,5.9
3,cycloheximide_015_2,1419141.1000000003,0.11648351618295431,glycolysis,0.106,-4.23,-1.6,4.7
4,cycloheximide_015_2,3749153.3,0.04308207533255918,respiration,0.106,-4.23,-1.6,4.7
5,cycloheximide_015_2,5127919.3999999985,0.17335993065959063,total,0.106,-4.23,-1.6,4.7
6,cycloheximide_015_3,1419141.1000000003,0.108645657265625,glycolysis,0.121,-4.94,-1.8,5.9
7,cycloheximide_015_3,3749153.3,0.04121714218479327,respiration,0.121,-4.94,-1.8,5.9
8,cycloheximide_015_3,5127919.3999999985,0.16311598391717158,total,0.121,-4.94,-1.8,5.9
9,cycloheximide_015_4,1419141.1000000003,0.11125147857714297,glycolysis,0.106,-4.23,-1.6,4.7
10,cycloheximide_015_4,3749153.3,0.04558402620476149,respiration,0.106,-4.23,-1.6,4.7
11,cycloheximide_015_4,5127919.3999999985,0.170210762268181,total,0.106,-4.23,-1.6,4.7
12,cycloheximide_025_1,1419141.1000000003,0.12014717954679603,glycolysis,0.2,-6.93,-1.8,9.2
13,cycloheximide_025_1,3749153.3,0.03694854002332124,respiration,0.2,-6.93,-1.8,9.2
14,cycloheximide_025_1,5127919.3999999985,0.1718662811960541,total,0.2,-6.93,-1.8,9.2
15,cycloheximide_025_2,1419141.1000000003,0.12789824659354387,glycolysis,0.201,-6.91,-1.8,9.2
16,cycloheximide_025_2,3749153.3,0.03743507390876592,respiration,0.201,-6.91,-1.8,9.2
17,cycloheximide_025_2,5127919.3999999985,0.18114234565758824,total,0.201,-6.91,-1.8,9.2
18,cycloheximide_025_3,1419141.1000000003,0.12134075294196402,glycolysis,0.2,-6.93,-1.8,9.2
19,cycloheximide_025_3,3749153.3,0.03716052789442833,respiration,0.2,-6.93,-1.8,9.2
20,cycloheximide_025_3,5127919.3999999985,0.17325123402831574,total,0.2,-6.93,-1.8,9.2
21,cycloheximide_025_4,1419141.1000000003,0.13153217017670293,glycolysis,0.201,-6.91,-1.8,9.2
22,cycloheximide_025_4,3749153.3,0.03810018821156425,respiration,0.201,-6.91,-1.8,9.2
23,cycloheximide_025_4,5127919.3999999985,0.18537370018037336,total,0.201,-6.91,-1.8,9.2
24,cycloheximide_033_1,1419141.1000000003,0.14289155507354545,glycolysis,0.327,-11.95,-2.3,16.8
25,cycloheximide_033_1,3749153.3,0.03723528345869019,respiration,0.327,-11.95,-2.3,16.8
26,cycloheximide_033_1,5127919.3999999985,0.19812298949086565,total,0.327,-11.95,-2.3,16.8
27,cycloheximide_033_2,1419141.1000000003,0.15235501623997302,glycolysis,0.318,-11.01,-2.2,15.3
28,cycloheximide_033_2,3749153.3,0.03653705568465923,respiration,0.318,-11.01,-2.2,15.3
29,cycloheximide_033_2,5127919.3999999985,0.20786113644261295,total,0.318,-11.01,-2.2,15.3
30,cycloheximide_033_3,1419141.1000000003,0.13872856169966033,glycolysis,0.327,-11.95,-2.3,16.8
31,cycloheximide_033_3,3749153.3,0.03708411113399999,respiration,0.327,-11.95,-2.3,16.8
32,cycloheximide_033_3,5127919.3999999985,0.19353807048160226,total,0.327,-11.95,-2.3,16.8
33,cycloheximide_033_4,1419141.1000000003,0.14260611168031956,glycolysis,0.318,-11.01,-2.2,15.3
34,cycloheximide_033_4,3749153.3,0.03835271588411164,respiration,0.318,-11.01,-2.2,15.3
35,cycloheximide_033_4,5127919.3999999985,0.19835157699796907,total,0.318,-11.01,-2.2,15.3
36,cycloheximide_037_1,1419141.1000000003,0.1568700100761109,glycolysis,0.421,-14.48,-2.2,20.3
37,cycloheximide_037_1,3749153.3,0.039641203087938545,respiration,0.421,-14.48,-2.2,20.3
38,cycloheximide_037_1,5127919.3999999985,0.21654623845949184,total,0.421,-14.48,-2.2,20.3
39,cycloheximide_037_2,1419141.1000000003,0.16701021229490834,glycolysis,0.399,-13.8,-2.1,19.3
40,cycloheximide_037_2,3749153.3,0.03691701789056827,respiration,0.399,-13.8,-2.1,19.3
41,cycloheximide_037_2,5127919.3999999985,0.22634750871185674,total,0.399,-13.8,-2.1,19.3
42,cycloheximide_037_3,1419141.1000000003,0.16524414231611528,glycolysis,0.421,-14.48,-2.2,20.3
43,cycloheximide_037_3,3749153.3,0.039176450182292634,respiration,0.421,-14.48,-2.2,20.3
44,cycloheximide_037_3,5127919.3999999985,0.2260661180814798,total,0.421,-14.48,-2.2,20.3
45,cycloheximide_037_4,1419141.1000000003,0.15501537015161398,glycolysis,0.399,-13.8,-2.1,19.3
46,cycloheximide_037_4,3749153.3,0.03908794142034759,respiration,0.399,-13.8,-2.1,19.3
47,cycloheximide_037_4,5127919.3999999985,0.2139606913222204,total,0.399,-13.8,-2.1,19.3
48,galactose_017_1,1419141.1000000003,0.08214079684762862,glycolysis,0.165,-2.49,-5.1,0.8
49,galactose_017_1,3749153.3,0.11519695682017565,respiration,0.165,-2.49,-5.1,0.8
50,galactose_017_1,5127919.3999999985,0.21194944773698138,total,0.165,-2.49,-5.1,0.8
51,galactose_017_2,1419141.1000000003,0.07980147359462095,glycolysis,0.182,-2.77,-5.4,0.7
52,galactose_017_2,3749153.3,0.11798264418205257,respiration,0.182,-2.77,-5.4,0.7
53,galactose_017_2,5127919.3999999985,0.21202945687213207,total,0.182,-2.77,-5.4,0.7
54,galactose_017_3,1419141.1000000003,0.08239436980265867,glycolysis,0.165,-2.49,-5.1,0.8
55,galactose_017_3,3749153.3,0.11530420228588448,respiration,0.165,-2.49,-5.1,0.8
56,galactose_017_3,5127919.3999999985,0.2122421244470303,total,0.165,-2.49,-5.1,0.8
57,galactose_017_4,1419141.1000000003,0.08292212308126516,glycolysis,0.182,-2.77,-5.4,0.7
58,galactose_017_4,3749153.3,0.11762860186505264,respiration,0.182,-2.77,-5.4,0.7
59,galactose_017_4,5127919.3999999985,0.21529365771256254,total,0.182,-2.77,-5.4,0.7
60,glucose_020_1,1419141.1000000003,0.10007917450721755,glycolysis,0.1957,-2.126,-5.3302,0.0
61,glucose_020_1,3749153.3,0.15295669108931784,respiration,0.1957,-2.126,-5.3302,0.0
62,glucose_020_1,5127919.3999999985,0.27000402684354613,total,0.1957,-2.126,-5.3302,0.0
63,glucose_020_2,1419141.1000000003,0.09806078818221291,glycolysis,0.2024,-2.2491,-5.4994,0.0
64,glucose_020_2,3749153.3,0.15357845011946297,respiration,0.2024,-2.2491,-5.4994,0.0
65,glucose_020_2,5127919.3999999985,0.268292728466463,total,0.2024,-2.2491,-5.4994,0.0
66,glucose_020_3,1419141.1000000003,0.10027990877830557,glycolysis,0.1957,-2.126,-5.3302,0.0
67,glucose_020_3,3749153.3,0.1534384928454542,respiration,0.1957,-2.126,-5.3302,0.0
68,glucose_020_3,5127919.3999999985,0.2708621374648227,total,0.1957,-2.126,-5.3302,0.0
69,glucose_020_4,1419141.1000000003,0.09614094858566388,glycolysis,0.2024,-2.2491,-5.4994,0.0
70,glucose_020_4,3749153.3,0.15419327399751012,respiration,0.2024,-2.2491,-5.4994,0.0
71,glucose_020_4,5127919.3999999985,0.26679184095213804,total,0.2024,-2.2491,-5.4994,0.0
72,glucose_023_1,1419141.1000000003,0.09266408833765387,glycolysis,0.229,-2.5538,-5.9978,0.0
73,glucose_023_1,3749153.3,0.15142779115788846,respiration,0.229,-2.5538,-5.9978,0.0
74,glucose_023_1,5127919.3999999985,0.2598194619753682,total,0.229,-2.5538,-5.9978,0.0
75,glucose_023_2,1419141.1000000003,0.09063392021405187,glycolysis,0.225,-2.5098,-5.9288,0.0
76,glucose_023_2,3749153.3,0.15221879491993806,respiration,0.225,-2.5098,-5.9288,0.0
77,glucose_023_2,5127919.3999999985,0.2582853252252112,total,0.225,-2.5098,-5.9288,0.0
78,glucose_023_3,1419141.1000000003,0.09128804026369185,glycolysis,0.229,-2.5538,-5.9978,0.0
79,glucose_023_3,3749153.3,0.15118862618684825,respiration,0.229,-2.5538,-5.9978,0.0
80,glucose_023_3,5127919.3999999985,0.2581120173835941,total,0.229,-2.5538,-5.9978,0.0
81,glucose_023_4,1419141.1000000003,0.08922076461940871,glycolysis,0.225,-2.5098,-5.9288,0.0
82,glucose_023_4,3749153.3,0.15056905706327883,respiration,0.225,-2.5098,-5.9288,0.0
83,glucose_023_4,5127919.3999999985,0.2549455940729815,total,0.225,-2.5098,-5.9288,0.0
84,glucose_027_1,1419141.1000000003,0.08424430555136156,glycolysis,0.268,-3.1615,-7.2265,0.0
85,glucose_027_1,3749153.3,0.15408990787370985,respiration,0.268,-3.1615,-7.2265,0.0
86,glucose_027_1,5127919.3999999985,0.25350783840487495,total,0.268,-3.1615,-7.2265,0.0
87,glucose_027_2,1419141.1000000003,0.08241928634393077,glycolysis,0.273,-3.198,-8.1621,0.0
88,glucose_027_2,3749153.3,0.15513004625339938,respiration,0.273,-3.198,-8.1621,0.0
89,glucose_027_2,5127919.3999999985,0.25235116833840465,total,0.273,-3.198,-8.1621,0.0
90,glucose_027_3,1419141.1000000003,0.08562266385961641,glycolysis,0.268,-3.1615,-7.2265,0.0
91,glucose_027_3,3749153.3,0.1507741777934069,respiration,0.268,-3.1615,-7.2265,0.0
92,glucose_027_3,5127919.3999999985,0.25218083611331227,total,0.268,-3.1615,-7.2265,0.0
93,glucose_027_4,1419141.1000000003,0.08551659494589942,glycolysis,0.273,-3.198,-8.1621,0.0
94,glucose_027_4,3749153.3,0.1517490351471191,respiration,0.273,-3.198,-8.1621,0.0
95,glucose_027_4,5127919.3999999985,0.2528644020935893,total,0.273,-3.198,-8.1621,0.0
96,glucose_030_1,1419141.1000000003,0.09308590396241322,glycolysis,0.303,-4.1171,-9.2672,1.1659
97,glucose_030_1,3749153.3,0.13743273651879223,respiration,0.303,-4.1171,-9.2672,1.1659
98,glucose_030_1,5127919.3999999985,0.2475857160256095,total,0.303,-4.1171,-9.2672,1.1659
99,glucose_030_2,1419141.1000000003,0.08931839975052783,glycolysis,0.302,-4.2656,-8.9617,1.9061
100,glucose_030_2,3749153.3,0.13780032592881417,respiration,0.302,-4.2656,-8.9617,1.9061
101,glucose_030_2,5127919.3999999985,0.24342053478950193,total,0.302,-4.2656,-8.9617,1.9061
102,glucose_030_3,1419141.1000000003,0.09172955344208882,glycolysis,0.3,-4.3429,-8.1047,3.0277
103,glucose_030_3,3749153.3,0.13737363034243658,respiration,0.3,-4.3429,-8.1047,3.0277
104,glucose_030_3,5127919.3999999985,0.2457590347045449,total,0.3,-4.3429,-8.1047,3.0277
105,glucose_030_4,1419141.1000000003,0.08932131519720338,glycolysis,0.3,-4.3034,-8.1785,2.8768
106,glucose_030_4,3749153.3,0.13710461767129445,respiration,0.3,-4.3034,-8.1785,2.8768
107,glucose_030_4,5127919.3999999985,0.24272590718114578,total,0.3,-4.3034,-8.1785,2.8768
108,glucose_030_5,1419141.1000000003,0.09105827572585622,glycolysis,0.303,-4.1171,-9.2672,1.1659
109,glucose_030_5,3749153.3,0.13752142067001985,respiration,0.303,-4.1171,-9.2672,1.1659
110,glucose_030_5,5127919.3999999985,0.2452764041637403,total,0.303,-4.1171,-9.2672,1.1659
111,glucose_030_6,1419141.1000000003,0.08877298543535649,glycolysis,0.302,-4.2656,-8.9617,1.9061
112,glucose_030_6,3749153.3,0.13732477812763377,respiration,0.302,-4.2656,-8.9617,1.9061
113,glucose_030_6,5127919.3999999985,0.24243214205656716,total,0.302,-4.2656,-8.9617,1.9061
114,glucose_030_7,1419141.1000000003,0.09278946699842462,glycolysis,0.3,-4.3429,-8.1047,3.0277
115,glucose_030_7,3749153.3,0.13914051653880918,respiration,0.3,-4.3429,-8.1047,3.0277
116,glucose_030_7,5127919.3999999985,0.2489403971437563,total,0.3,-4.3429,-8.1047,3.0277
117,glucose_030_8,1419141.1000000003,0.09216315842920499,glycolysis,0.3,-4.3034,-8.1785,2.8768
118,glucose_030_8,3749153.3,0.1368511902213948,respiration,0.3,-4.3034,-8.1785,2.8768
119,glucose_030_8,5127919.3999999985,0.24595094832257522,total,0.3,-4.3034,-8.1785,2.8768
120,glucose_032_1,1419141.1000000003,0.09527590974922347,glycolysis,0.316,-4.0798,-8.9467,1.4147
121,glucose_032_1,3749153.3,0.126811187279005,respiration,0.316,-4.0798,-8.9467,1.4147
122,glucose_032_1,5127919.3999999985,0.23881065658436296,total,0.316,-4.0798,-8.9467,1.4147
123,glucose_032_2,1419141.1000000003,0.09214826482567517,glycolysis,0.32,-4.1817,-8.7239,1.8429
124,glucose_032_2,3749153.3,0.1280341457688634,respiration,0.32,-4.1817,-8.7239,1.8429
125,glucose_032_2,5127919.3999999985,0.23628469637397426,total,0.32,-4.1817,-8.7239,1.8429
126,glucose_032_3,1419141.1000000003,0.09624547459875948,glycolysis,0.32,-4.867,-8.0301,4.9417
127,glucose_032_3,3749153.3,0.1273173000070369,respiration,0.32,-4.867,-8.0301,4.9417
128,glucose_032_3,5127919.3999999985,0.24024047529605227,total,0.32,-4.867,-8.0301,4.9417
129,glucose_032_4,1419141.1000000003,0.09178676322735405,glycolysis,0.32,-4.9541,-7.881,5.4047
130,glucose_032_4,3749153.3,0.12684463148855138,respiration,0.32,-4.9541,-7.881,5.4047
131,glucose_032_4,5127919.3999999985,0.23475664954261416,total,0.32,-4.9541,-7.881,5.4047
132,glucose_034_1,1419141.1000000003,0.09731140060907599,glycolysis,0.337,-5.6438,-8.0048,7.2258
133,glucose_034_1,3749153.3,0.12038943693899581,respiration,0.337,-5.6438,-8.0048,7.2258
134,glucose_034_1,5127919.3999999985,0.2339089598818494,total,0.337,-5.6438,-8.0048,7.2258
135,glucose_034_2,1419141.1000000003,0.09459183647909773,glycolysis,0.34,-6.0057,-7.4879,8.5872
136,glucose_034_2,3749153.3,0.12100035509569865,respiration,0.34,-6.0057,-7.4879,8.5872
137,glucose_034_2,5127919.3999999985,0.2313827694524001,total,0.34,-6.0057,-7.4879,8.5872
138,glucose_034_3,1419141.1000000003,0.09869502537465095,glycolysis,0.337,-5.6438,-8.0048,7.2258
139,glucose_034_3,3749153.3,0.11836727912562706,respiration,0.337,-5.6438,-8.0048,7.2258
140,glucose_034_3,5127919.3999999985,0.2331926031142443,total,0.337,-5.6438,-8.0048,7.2258
141,glucose_034_4,1419141.1000000003,0.09567958817200317,glycolysis,0.34,-6.0057,-7.4879,8.5872
142,glucose_034_4,3749153.3,0.11797837643159467,respiration,0.34,-6.0057,-7.4879,8.5872
143,glucose_034_4,5127919.3999999985,0.2292924404888609,total,0.34,-6.0057,-7.4879,8.5872
144,glucose_037_1,1419141.1000000003,0.18727474078545467,glycolysis,0.373,-13.2,-1.9,18.6
145,glucose_037_1,3749153.3,0.0403243903832348,respiration,0.373,-13.2,-1.9,18.6
146,glucose_037_1,5127919.3999999985,0.25202907043925127,total,0.373,-13.2,-1.9,18.6
147,glucose_037_2,1419141.1000000003,0.1909363327091343,glycolysis,0.369,-12.44,-1.9,17.6
148,glucose_037_2,3749153.3,0.0406802501409002,respiration,0.369,-12.44,-1.9,17.6
149,glucose_037_2,5127919.3999999985,0.2563949704569484,total,0.369,-12.44,-1.9,17.6
150,glucose_037_3,1419141.1000000003,0.18794114840939896,glycolysis,0.373,-13.2,-1.9,18.6
151,glucose_037_3,3749153.3,0.040020039654356285,respiration,0.373,-13.2,-1.9,18.6
152,glucose_037_3,5127919.3999999985,0.25242636826847903,total,0.373,-13.2,-1.9,18.6
153,glucose_037_4,1419141.1000000003,0.19338691999219554,glycolysis,0.369,-12.44,-1.9,17.6
154,glucose_037_4,3749153.3,0.04087883981168449,respiration,0.369,-12.44,-1.9,17.6
155,glucose_037_4,5127919.3999999985,0.25939278515016595,total,0.369,-12.44,-1.9,17.6
156,maltose_028_1,1419141.1000000003,0.15882152732727173,glycolysis,0.275,-5.18,-2.4,13.5
157,maltose_028_1,3749153.3,0.06459704331500407,respiration,0.275,-5.18,-2.4,13.5
158,maltose_028_1,5127919.3999999985,0.24427057814964162,total,0.275,-5.18,-2.4,13.5
159,maltose_028_2,1419141.1000000003,0.15839647559334233,glycolysis,0.291,-5.23,-3.0,14.7
160,maltose_028_2,3749153.3,0.06356602552580588,respiration,0.291,-5.23,-3.0,14.7
161,maltose_028_2,5127919.3999999985,0.24270816063668568,total,0.291,-5.23,-3.0,14.7
162,maltose_028_3,1419141.1000000003,0.152081598529186,glycolysis,0.275,-5.18,-2.4,13.5
163,maltose_028_3,3749153.3,0.06691262337054847,respiration,0.275,-5.18,-2.4,13.5
164,maltose_028_3,5127919.3999999985,0.2391454903366056,total,0.275,-5.18,-2.4,13.5
165,maltose_028_4,1419141.1000000003,0.15647441006915128,glycolysis,0.291,-5.23,-3.0,14.7
166,maltose_028_4,3749153.3,0.06537849401743626,respiration,0.291,-5.23,-3.0,14.7
167,maltose_028_4,5127919.3999999985,0.24249512267082407,total,0.291,-5.23,-3.0,14.7
168,trehalose_005_1,1419141.1000000003,0.1320521523578935,glycolysis,0.052,-0.26,-2.4,0.0
169,trehalose_005_1,3749153.3,0.15382674533432397,respiration,0.052,-0.26,-2.4,0.0
170,trehalose_005_1,5127919.3999999985,0.30671274648489616,total,0.052,-0.26,-2.4,0.0
171,trehalose_005_2,1419141.1000000003,0.13395362950798653,glycolysis,0.048,-0.21,-3.0,0.0
172,trehalose_005_2,3749153.3,0.15229947085526652,respiration,0.048,-0.21,-3.0,0.0
173,trehalose_005_2,5127919.3999999985,0.30742882023650137,total,0.048,-0.21,-3.0,0.0
174,trehalose_005_3,1419141.1000000003,0.13853745732965878,glycolysis,0.052,-0.26,-2.4,0.0
175,trehalose_005_3,3749153.3,0.14134282358897488,respiration,0.052,-0.26,-2.4,0.0
176,trehalose_005_3,5127919.3999999985,0.3017862092219139,total,0.052,-0.26,-2.4,0.0
177,trehalose_005_4,1419141.1000000003,0.14114529324305913,glycolysis,0.048,-0.21,-3.0,0.0
178,trehalose_005_4,3749153.3,0.14073383014289056,respiration,0.048,-0.21,-3.0,0.0
179,trehalose_005_4,5127919.3999999985,0.3040804781143736,total,0.048,-0.21,-3.0,0.0
180,trehalose_005_5,1419141.1000000003,0.13890933936542782,glycolysis,0.052,-0.26,-2.4,0.0
181,trehalose_005_5,3749153.3,0.141872590945688,respiration,0.052,-0.26,-2.4,0.0
182,trehalose_005_5,5127919.3999999985,0.3027244054614751,total,0.052,-0.26,-2.4,0.0
183,trehalose_005_6,1419141.1000000003,0.138990665248998,glycolysis,0.048,-0.21,-3.0,0.0
184,trehalose_005_6,3749153.3,0.14297097737609524,respiration,0.048,-0.21,-3.0,0.0
185,trehalose_005_6,5127919.3999999985,0.30394100669859947,total,0.048,-0.21,-3.0,0.0
186,trehalose_005_7,1419141.1000000003,0.13493875229393903,glycolysis,0.052,-0.26,-2.4,0.0
187,trehalose_005_7,3749153.3,0.1449814030135164,respiration,0.052,-0.26,-2.4,0.0
188,trehalose_005_7,5127919.3999999985,0.30123615322789193,total,0.052,-0.26,-2.4,0.0
189,trehalose_005_8,1419141.1000000003,0.136677149862677,glycolysis,0.048,-0.21,-3.0,0.0
190,trehalose_005_8,3749153.3,0.14376566136935298,respiration,0.048,-0.21,-3.0,0.0
191,trehalose_005_8,5127919.3999999985,0.3020466967203129,total,0.048,-0.21,-3.0,0.0
